================ One Point Crossover ===============
Parnet 1 : [3, 4, 1, 3, 2, 4, 4, 4, 2, 2, 0, 4, 0, 77, 21, 22, 11, 23, 12, 31, 32, 13, 33, 34, 41, 42]
Parnet 2 : [4, 4, 1, 1, 2, 2, 2, 0, 2, 2, 0, 2, 4, 77, 21, 11, 31, 32, 12, 22, 41, 42, 23, 33, 13, 34]

Child 1 : [3, 4, 1, 3, 2, 4, 4, 4, 2, 2, 0, 4, 4, 77, 21, 22, 11, 23, 12, 31, 32, 13, 33, 34, 41, 42]
Child 2 : [4, 4, 1, 1, 2, 2, 2, 0, 2, 2, 0, 2, 0, 77, 21, 11, 31, 32, 12, 22, 41, 42, 23, 33, 13, 34]

================ Order Crossover ===============
Parnet 1 : [3, 4, 1, 3, 2, 4, 4, 4, 2, 2, 0, 4, 0, 77, 21, 22, 11, 23, 12, 31, 32, 13, 33, 34, 41, 42]
Parnet 2 : [4, 4, 1, 1, 2, 2, 2, 0, 2, 2, 0, 2, 4, 77, 21, 11, 31, 32, 12, 22, 41, 42, 23, 33, 13, 34]

Child 1 : [3, 4, 1, 3, 2, 4, 4, 4, 2, 2, 0, 4, 0, 77, 21, 22, 11, 23, 12, 31, 32, 13, 33, 41, 42, 34]
Child 2 : [4, 4, 1, 1, 2, 2, 2, 0, 2, 2, 0, 2, 4, 77, 21, 22, 11, 23, 12, 31, 32, 13, 33, 34, 41, 42]

================     Mutation     ===============
Parnet : [3, 4, 1, 3, 2, 4, 4, 4, 2, 2, 0, 4, 0, 77, 21, 22, 11, 23, 12, 31, 32, 13, 33, 34, 41, 42]

Child : [3, 4, 3, 3, 2, 4, 4, 4, 2, 2, 0, 3, 0, 77, 21, 22, 11, 23, 12, 31, 32, 13, 33, 34, 41, 42]